\item 6  night trip: [64, 128, 192, 256, 320, 384]
\item 6  night trip: [63, 127, 191, 255, 319, 383]
\item 6  night trip: [65, 129, 193, 257, 321, 385]
\item 6  night trip: [65, 131, 195, 261, 325, 388]
\item 7  night trip: [58, 115, 176, 231, 288, 346, 402]
\item 7  night trip: [57, 115, 172, 228, 284, 343, 399]
\item 7  night trip: [56, 112, 168, 224, 280, 336, 392]
\item 7  night trip: [56, 112, 168, 225, 281, 337, 393]
\item 7  night trip: [55, 109, 165, 218, 273, 329, 387]
\item 7  night trip: [61, 116, 165, 229, 282, 334, 394]
\item 7  night trip: [62, 124, 187, 246, 303, 365, 424]
\item 7  night trip: [55, 108, 164, 217, 276, 333, 391]
\item 7  night trip: [57, 114, 171, 227, 283, 342, 398]
\item 8  night trip: [49, 99, 151, 201, 251, 301, 351, 401]
\item 8  night trip: [48, 98, 144, 195, 245, 297, 347, 396]
\item 8  night trip: [50, 100, 150, 200, 250, 300, 350, 400]
\item 9  night trip: [45, 91, 134, 179, 226, 269, 314, 359, 404]
\item 9  night trip: [44, 88, 133, 178, 219, 264, 309, 354, 399]
\item 9  night trip: [45, 91, 137, 181, 226, 270, 315, 360, 404]
\item 9  night trip: [46, 92, 139, 185, 230, 277, 322, 367, 420]
\item 10 night trip: [44, 87, 132, 177, 217, 263, 308, 353, 397, 443]
\item 10 night trip: [42, 82, 122, 162, 202, 244, 283, 324, 363, 403]
\item 10 night trip: [43, 84, 124, 164, 212, 252, 291, 328, 375, 423]
\item 11 night trip: [41, 81, 117, 154, 193, 230, 267, 304, 344, 380, 418]
\item 11 night trip: [40, 80, 121, 161, 201, 241, 281, 321, 361, 401, 439]
\item 11 night trip: [38, 75, 113, 151, 188, 225, 262, 299, 336, 372, 409]
\item 11 night trip: [39, 79, 118, 158, 198, 235, 275, 315, 355, 395, 435]
\item 11 night trip: [38, 76, 113, 152, 189, 227, 264, 302, 341, 378, 413]
\item 11 night trip: [40, 80, 119, 159, 199, 239, 279, 318, 358, 398, 438]
\item 11 night trip: [37, 74, 111, 148, 185, 222, 259, 296, 333, 370, 406]
\item 11 night trip: [37, 74, 111, 147, 184, 221, 258, 295, 332, 369, 406]
\item 11 night trip: [42, 83, 123, 163, 198, 231, 278, 316, 356, 395, 435]
\item 12 night trip: [35, 69, 105, 139, 173, 206, 241, 275, 309, 343, 377, 411]
\item 12 night trip: [36, 73, 110, 146, 183, 220, 257, 294, 331, 368, 405, 442]
\item 12 night trip: [36, 73, 110, 146, 183, 220, 258, 294, 331, 368, 405, 442]
\item 12 night trip: [34, 68, 102, 136, 170, 204, 238, 272, 306, 340, 374, 408]
\item 12 night trip: [34, 68, 102, 136, 170, 204, 238, 272, 306, 340, 374, 408]
\item 12 night trip: [43, 83, 116, 153, 186, 215, 252, 289, 326, 365, 394, 431]
\item 12 night trip: [35, 69, 103, 137, 171, 205, 240, 274, 308, 342, 376, 410]
\item 12 night trip: [39, 72, 106, 140, 174, 209, 243, 277, 311, 345, 379, 412]
\item 12 night trip: [41, 71, 107, 141, 175, 211, 245, 279, 313, 347, 379, 421]
\item 13 night trip: [32, 64, 96, 128, 160, 192, 224, 256, 288, 320, 352, 384, 416]
\item 13 night trip: [31, 66, 99, 133, 167, 200, 233, 267, 301, 335, 369, 403, 437]
\item 13 night trip: [28, 61, 93, 125, 157, 189, 221, 253, 284, 316, 348, 380, 412]
\item 13 night trip: [32, 63, 95, 127, 159, 191, 223, 255, 287, 319, 351, 383, 415]
\item 13 night trip: [31, 62, 94, 126, 158, 190, 222, 254, 285, 317, 349, 381, 413]
\item 13 night trip: [33, 67, 101, 135, 169, 203, 237, 271, 305, 339, 373, 407, 441]
\item 13 night trip: [33, 67, 101, 135, 169, 203, 237, 271, 305, 339, 373, 407, 441]
\item 14 night trip: [30, 60, 90, 120, 150, 180, 210, 240, 270, 300, 330, 360, 390, 420]
\item 14 night trip: [29, 59, 89, 118, 147, 177, 206, 236, 266, 295, 325, 355, 385, 414]
\item 14 night trip: [30, 60, 90, 120, 149, 179, 209, 239, 269, 299, 329, 359, 389, 419]
\item 14 night trip: [29, 59, 89, 119, 148, 178, 207, 236, 266, 296, 326, 356, 386, 417]
\item 15 night trip: [28, 58, 88, 117, 145, 175, 205, 232, 262, 292, 322, 352, 382, 411, 439]
\item 15 night trip: [24, 51, 81, 109, 138, 166, 194, 219, 247, 274, 302, 330, 358, 386, 417]
\item 15 night trip: [24, 54, 82, 108, 134, 162, 190, 218, 246, 276, 304, 332, 361, 387, 418]
\item 15 night trip: [23, 54, 84, 114, 144, 173, 202, 232, 263, 293, 323, 354, 382, 410, 438]
\item 16 night trip: [22, 48, 71, 98, 126, 154, 180, 211, 243, 265, 292, 317, 345, 371, 400, 428]
\item 16 night trip: [21, 47, 70, 96, 121, 143, 167, 196, 228, 254, 280, 307, 334, 362, 392, 423]
\item 16 night trip: [26, 52, 78, 104, 130, 156, 182, 208, 234, 260, 286, 312, 338, 364, 390, 416]
\item 16 night trip: [23, 49, 76, 107, 138, 166, 194, 216, 244, 268, 297, 324, 353, 381, 409, 437]
\item 16 night trip: [27, 53, 77, 106, 132, 160, 186, 212, 242, 268, 293, 318, 344, 370, 396, 422]
\item 16 night trip: [27, 53, 79, 105, 131, 157, 184, 210, 235, 261, 287, 313, 341, 367, 393, 419]
\item 17 night trip: [22, 47, 72, 97, 122, 145, 172, 197, 216, 242, 265, 290, 314, 335, 362, 391, 421]
\item 17 night trip: [21, 46, 70, 95, 123, 152, 176, 197, 229, 253, 278, 303, 328, 357, 378, 402, 428]
\item 17 night trip: [26, 52, 78, 104, 130, 156, 182, 208, 234, 260, 286, 312, 338, 364, 389, 415, 440]
\item 17 night trip: [25, 50, 75, 100, 125, 149, 174, 199, 223, 248, 273, 298, 323, 348, 372, 397, 422]
\item 17 night trip: [25, 51, 77, 103, 129, 155, 181, 207, 233, 259, 285, 311, 337, 363, 388, 414, 440]
67 trips using 772 stops